Block	Pair_type	Feedback_type	Side	RT	ACC
1	 1	 1	 2	1206 	1	 
1	 2	 0	 2	1041 	1	 
1	 2	 1	 1	0 	missed	 
1	 1	 0	 1	1249 	1	 
1	 2	 0	 1	1155 	1	 
1	 1	 1	 2	793 	1	 
1	 3	 0	 2	1127 	1	 
1	 3	 1	 2	876 	0	 
1	 2	 1	 1	1478 	0	 
1	 2	 1	 1	0 	missed	 
1	 2	 0	 2	1134 	0	 
1	 1	 1	 1	1072 	1	 
1	 3	 0	 2	1342 	0	 
1	 2	 0	 1	948 	0	 
1	 2	 0	 1	918 	0	 
1	 1	 1	 1	1196 	1	 
1	 3	 1	 1	833 	1	 
1	 3	 1	 2	1411 	0	 
1	 1	 1	 1	705 	1	 
1	 1	 0	 2	807 	1	 
1	 2	 1	 2	945 	1	 
1	 3	 0	 1	1059 	0	 
1	 2	 1	 2	1180 	1	 
1	 3	 1	 1	1350 	0	 
1	 3	 0	 2	992 	0	 
1	 1	 1	 1	710 	1	 
1	 3	 1	 1	1260 	1	 
1	 1	 0	 1	854 	1	 
1	 3	 0	 1	1560 	1	 
1	 3	 1	 1	1405 	1	 
1	 3	 0	 1	1035 	1	 
1	 1	 1	 1	701 	1	 
1	 2	 1	 2	1095 	1	 
1	 1	 1	 2	648 	1	 
1	 2	 1	 1	946 	1	 
1	 1	 0	 2	548 	1	 
1	 3	 0	 2	858 	0	 
1	 2	 1	 1	928 	1	 
1	 1	 1	 2	506 	1	 
1	 3	 1	 2	836 	0	 
1	 3	 1	 2	770 	0	 
1	 3	 1	 2	1080 	1	 
1	 1	 1	 1	637 	1	 
1	 1	 1	 2	575 	1	 
1	 1	 1	 2	525 	1	 
1	 3	 1	 2	1500 	1	 
1	 2	 1	 1	1006 	1	 
1	 3	 0	 1	1116 	0	 
1	 3	 1	 1	490 	0	 
1	 2	 1	 2	912 	1	 
1	 2	 1	 2	666 	1	 
1	 2	 1	 1	948 	1	 
1	 1	 1	 2	809 	1	 
1	 1	 1	 1	615 	1	 
1	 2	 0	 2	769 	1	 
1	 2	 1	 2	651 	0	 
1	 1	 1	 1	756 	1	 
1	 1	 1	 2	534 	1	 
1	 3	 1	 1	1176 	0	 
1	 2	 1	 2	1342 	1	 
2	 1	 1	 2	532 	1	 
2	 2	 1	 2	862 	1	 
2	 2	 1	 2	832 	1	 
2	 3	 1	 1	913 	0	 
2	 1	 1	 2	539 	1	 
2	 2	 0	 1	985 	1	 
2	 3	 1	 2	1295 	1	 
2	 1	 1	 2	600 	1	 
2	 3	 0	 2	538 	1	 
2	 2	 1	 2	620 	1	 
2	 3	 0	 2	894 	1	 
2	 3	 1	 2	963 	0	 
2	 1	 1	 1	673 	1	 
2	 1	 1	 2	535 	1	 
2	 3	 0	 1	1085 	0	 
2	 1	 1	 2	511 	1	 
2	 1	 1	 2	605 	1	 
2	 1	 1	 1	691 	1	 
2	 3	 1	 1	1077 	0	 
2	 3	 1	 1	1035 	1	 
2	 1	 0	 1	608 	1	 
2	 3	 1	 2	859 	1	 
2	 1	 0	 2	565 	1	 
2	 2	 1	 1	855 	1	 
2	 1	 1	 2	545 	1	 
2	 2	 0	 1	667 	1	 
2	 3	 0	 1	940 	1	 
2	 1	 1	 1	539 	1	 
2	 1	 1	 1	544 	1	 
2	 3	 0	 2	974 	1	 
2	 1	 0	 1	536 	1	 
2	 1	 1	 1	594 	1	 
2	 2	 0	 1	628 	1	 
2	 3	 1	 2	1002 	1	 
2	 2	 1	 1	763 	1	 
2	 2	 1	 1	637 	1	 
2	 2	 1	 1	599 	1	 
2	 3	 1	 1	853 	1	 
2	 1	 1	 1	666 	1	 
2	 1	 0	 2	708 	1	 
2	 2	 1	 2	755 	1	 
2	 2	 0	 2	588 	1	 
2	 3	 0	 2	718 	1	 
2	 2	 1	 2	752 	1	 
2	 1	 1	 1	557 	1	 
2	 2	 1	 1	700 	1	 
2	 2	 1	 1	730 	1	 
2	 3	 1	 1	799 	1	 
2	 2	 0	 2	605 	1	 
2	 2	 1	 2	503 	1	 
2	 1	 1	 2	585 	1	 
2	 3	 1	 2	758 	1	 
2	 1	 1	 1	585 	1	 
2	 3	 0	 1	831 	0	 
2	 2	 1	 2	788 	1	 
2	 2	 0	 2	506 	1	 
2	 2	 1	 1	653 	1	 
2	 3	 1	 2	718 	1	 
2	 3	 1	 1	1472 	0	 
2	 3	 0	 1	738 	1	 
3	 1	 1	 2	572 	1	 
3	 1	 0	 1	565 	1	 
3	 1	 1	 2	495 	1	 
3	 1	 1	 2	505 	1	 
3	 2	 1	 1	691 	1	 
3	 3	 0	 2	861 	1	 
3	 1	 1	 2	563 	1	 
3	 3	 0	 1	728 	1	 
3	 3	 1	 1	1070 	1	 
3	 3	 0	 1	836 	1	 
3	 2	 1	 1	669 	1	 
3	 1	 1	 1	507 	1	 
3	 1	 1	 1	450 	1	 
3	 3	 1	 1	823 	1	 
3	 2	 1	 2	682 	1	 
3	 2	 1	 1	527 	0	 
3	 3	 0	 1	977 	0	 
3	 3	 1	 2	1195 	1	 
3	 1	 1	 1	597 	1	 
3	 2	 0	 2	886 	1	 
3	 3	 1	 2	1388 	1	 
3	 1	 1	 1	642 	1	 
3	 3	 0	 2	1093 	0	 
3	 2	 0	 1	1002 	1	 
3	 2	 1	 2	768 	1	 
3	 2	 1	 1	670 	1	 
3	 2	 1	 2	847 	1	 
3	 2	 1	 2	509 	1	 
3	 1	 0	 1	683 	1	 
3	 2	 0	 2	713 	1	 
3	 1	 1	 1	630 	1	 
3	 3	 1	 2	1516 	1	 
3	 3	 1	 2	706 	0	 
3	 3	 1	 1	1328 	1	 
3	 1	 1	 1	1009 	1	 
3	 2	 1	 1	887 	1	 
3	 1	 1	 1	637 	1	 
3	 2	 0	 2	739 	1	 
3	 3	 1	 1	972 	0	 
3	 1	 1	 2	530 	1	 
3	 1	 1	 2	512 	1	 
3	 3	 1	 1	733 	0	 
3	 1	 1	 2	599 	1	 
3	 2	 1	 1	657 	1	 
3	 2	 1	 2	552 	1	 
3	 3	 1	 1	845 	1	 
3	 3	 0	 2	1111 	1	 
3	 2	 0	 1	665 	0	 
3	 1	 1	 1	579 	1	 
3	 1	 1	 2	532 	1	 
3	 2	 0	 1	754 	1	 
3	 2	 1	 2	496 	1	 
3	 2	 1	 2	630 	1	 
3	 2	 1	 1	675 	1	 
3	 3	 0	 2	1174 	0	 
3	 3	 1	 2	1036 	0	 
3	 1	 0	 2	874 	1	 
3	 3	 1	 2	0 	missed	 
3	 1	 0	 2	607 	1	 
3	 3	 0	 1	945 	0	 
4	 1	 1	 1	619 	1	 
4	 2	 1	 1	624 	1	 
4	 1	 1	 2	543 	1	 
4	 3	 0	 2	673 	1	 
4	 1	 1	 1	563 	1	 
4	 1	 1	 1	477 	1	 
4	 3	 1	 1	771 	1	 
4	 2	 1	 2	544 	1	 
4	 3	 0	 1	798 	0	 
4	 1	 1	 2	612 	1	 
4	 3	 0	 1	562 	1	 
4	 1	 1	 2	511 	1	 
4	 1	 0	 2	585 	1	 
4	 1	 0	 1	951 	1	 
4	 3	 0	 2	684 	1	 
4	 2	 0	 1	566 	1	 
4	 2	 0	 2	688 	1	 
4	 2	 0	 1	530 	1	 
4	 1	 1	 2	588 	1	 
4	 1	 1	 2	565 	1	 
4	 2	 0	 2	659 	1	 
4	 3	 1	 1	721 	0	 
4	 2	 1	 1	551 	1	 
4	 2	 1	 2	533 	1	 
4	 2	 1	 2	471 	1	 
4	 2	 1	 1	584 	1	 
4	 1	 1	 2	618 	1	 
4	 2	 1	 1	548 	1	 
4	 3	 0	 2	882 	1	 
4	 1	 1	 2	791 	1	 
4	 3	 1	 2	678 	1	 
4	 2	 1	 2	1272 	1	 
4	 3	 1	 1	837 	1	 
4	 2	 1	 1	943 	0	 
4	 3	 1	 2	697 	1	 
4	 3	 0	 1	786 	1	 
4	 2	 1	 1	584 	1	 
4	 1	 1	 1	438 	1	 
4	 1	 0	 2	540 	1	 
4	 2	 1	 2	574 	1	 
4	 2	 1	 1	492 	1	 
4	 1	 1	 1	387 	1	 
4	 1	 1	 2	421 	1	 
4	 3	 1	 1	627 	1	 
4	 1	 1	 1	524 	1	 
4	 3	 1	 2	598 	1	 
4	 3	 1	 1	512 	1	 
4	 2	 0	 1	618 	1	 
4	 1	 0	 1	603 	1	 
4	 1	 1	 1	537 	1	 
4	 2	 1	 2	623 	1	 
4	 3	 1	 1	708 	1	 
4	 3	 0	 2	587 	1	 
4	 3	 1	 2	561 	1	 
4	 3	 1	 2	510 	1	 
4	 3	 1	 2	448 	1	 
4	 2	 0	 2	598 	1	 
4	 3	 0	 1	684 	1	 
4	 2	 1	 2	585 	1	 
4	 1	 1	 1	519 	1	 
5	 2	 1	 2	501 	1	 
5	 2	 1	 2	499 	1	 
5	 1	 1	 2	588 	1	 
5	 3	 0	 2	582 	1	 
5	 3	 1	 1	460 	1	 
5	 3	 1	 1	533 	1	 
5	 3	 0	 2	571 	1	 
5	 1	 1	 2	565 	1	 
5	 2	 1	 2	519 	1	 
5	 1	 1	 1	544 	1	 
5	 3	 0	 1	678 	1	 
5	 2	 1	 1	756 	1	 
5	 1	 1	 1	478 	1	 
5	 3	 1	 1	603 	1	 
5	 1	 1	 1	553 	1	 
5	 1	 0	 1	503 	1	 
5	 3	 0	 2	677 	1	 
5	 2	 1	 1	623 	1	 
5	 1	 1	 2	517 	1	 
5	 1	 1	 1	499 	1	 
5	 3	 1	 2	612 	1	 
5	 1	 1	 2	558 	1	 
5	 3	 0	 1	681 	1	 
5	 3	 0	 1	506 	1	 
5	 3	 1	 2	564 	1	 
5	 3	 1	 2	582 	1	 
5	 2	 0	 2	563 	1	 
5	 1	 1	 1	581 	1	 
5	 3	 1	 1	619 	1	 
5	 2	 1	 1	677 	1	 
5	 2	 1	 2	474 	1	 
5	 2	 1	 2	553 	1	 
5	 2	 1	 1	523 	1	 
5	 1	 0	 1	685 	1	 
5	 3	 1	 2	555 	1	 
5	 2	 1	 2	489 	1	 
5	 1	 1	 2	826 	1	 
5	 1	 1	 1	532 	1	 
5	 2	 1	 2	590 	1	 
5	 1	 1	 1	568 	1	 
5	 2	 0	 1	598 	1	 
5	 3	 1	 2	636 	1	 
5	 2	 0	 1	645 	1	 
5	 2	 1	 1	535 	1	 
5	 2	 0	 1	429 	1	 
5	 2	 0	 2	482 	1	 
5	 3	 1	 2	688 	1	 
5	 1	 1	 2	658 	1	 
5	 1	 0	 2	561 	1	 
5	 3	 1	 1	890 	1	 
5	 3	 0	 1	553 	1	 
5	 1	 0	 2	530 	1	 
5	 3	 1	 1	604 	1	 
5	 1	 1	 2	482 	1	 
5	 3	 0	 2	656 	1	 
5	 2	 1	 1	593 	1	 
5	 2	 1	 1	679 	1	 
5	 1	 1	 1	601 	1	 
5	 1	 1	 2	531 	1	 
5	 2	 0	 2	540 	1	 
6	 1	 1	 2	503 	1	 
6	 2	 0	 2	561 	1	 
6	 2	 1	 1	538 	1	 
6	 2	 1	 1	540 	1	 
6	 3	 1	 2	750 	1	 
6	 3	 1	 1	512 	1	 
6	 2	 1	 1	594 	1	 
6	 2	 0	 2	539 	1	 
6	 1	 1	 1	429 	1	 
6	 1	 1	 1	455 	1	 
6	 2	 1	 2	513 	1	 
6	 3	 1	 1	587 	1	 
6	 3	 1	 2	512 	1	 
6	 2	 0	 2	534 	1	 
6	 2	 1	 1	452 	1	 
6	 3	 0	 1	738 	1	 
6	 1	 1	 1	635 	1	 
6	 3	 0	 1	669 	1	 
6	 3	 1	 1	487 	1	 
6	 1	 0	 2	777 	1	 
6	 2	 1	 1	734 	1	 
6	 1	 1	 1	668 	1	 
6	 2	 1	 1	686 	1	 
6	 1	 1	 1	552 	1	 
6	 1	 1	 2	541 	1	 
6	 1	 1	 2	500 	1	 
6	 3	 0	 1	641 	1	 
6	 3	 0	 2	628 	0	 
6	 2	 0	 1	590 	1	 
6	 2	 1	 1	504 	1	 
6	 2	 0	 1	510 	1	 
6	 2	 1	 2	784 	1	 
6	 1	 0	 2	561 	1	 
6	 3	 0	 1	671 	1	 
6	 3	 1	 1	537 	0	 
6	 2	 1	 2	686 	1	 
6	 1	 1	 1	544 	1	 
6	 3	 0	 2	654 	1	 
6	 3	 1	 1	688 	0	 
6	 1	 1	 1	509 	1	 
6	 2	 1	 2	615 	1	 
6	 1	 0	 1	441 	1	 
6	 1	 1	 2	471 	1	 
6	 1	 1	 2	429 	1	 
6	 2	 0	 1	571 	1	 
6	 3	 1	 2	569 	1	 
6	 2	 1	 2	630 	1	 
6	 1	 1	 2	524 	1	 
6	 1	 1	 2	458 	1	 
6	 3	 1	 1	717 	1	 
6	 3	 1	 2	731 	1	 
6	 3	 1	 2	584 	1	 
6	 3	 1	 2	534 	1	 
6	 1	 1	 2	580 	1	 
6	 3	 0	 2	1106 	1	 
6	 3	 0	 2	543 	1	 
6	 2	 1	 2	653 	1	 
6	 1	 0	 1	543 	1	 
6	 2	 1	 2	504 	1	 
6	 1	 1	 1	538 	1	 
