Block	Pair_type	Feedback_type	Side	RT	ACC
1	 1	 1	 2	1381 	1	 
1	 2	 0	 1	830 	1	 
1	 2	 1	 2	1249 	1	 
1	 1	 0	 1	1155 	1	 
1	 3	 1	 1	1589 	0	 
1	 2	 1	 1	743 	1	 
1	 2	 0	 2	1602 	1	 
1	 3	 0	 2	0 	missed	 
1	 1	 1	 2	0 	missed	 
1	 1	 1	 2	0 	missed	 
1	 3	 1	 1	771 	0	 
1	 3	 1	 2	840 	0	 
1	 3	 1	 1	803 	0	 
1	 1	 0	 1	737 	1	 
1	 1	 1	 2	931 	0	 
1	 1	 1	 1	1012 	1	 
1	 3	 0	 2	970 	0	 
1	 3	 0	 2	616 	0	 
1	 2	 1	 2	1009 	0	 
1	 1	 1	 1	947 	1	 
1	 3	 0	 1	1269 	0	 
1	 1	 0	 2	1263 	0	 
1	 1	 0	 2	1008 	0	 
1	 3	 1	 1	1091 	1	 
1	 2	 1	 2	777 	0	 
1	 1	 1	 1	907 	1	 
1	 2	 1	 1	921 	1	 
1	 3	 0	 2	959 	0	 
1	 3	 1	 2	729 	1	 
1	 3	 0	 1	979 	0	 
1	 1	 1	 1	896 	1	 
1	 1	 1	 1	586 	1	 
1	 2	 1	 2	1112 	0	 
1	 3	 0	 1	1086 	1	 
1	 2	 1	 1	1211 	0	 
1	 1	 1	 2	1065 	1	 
1	 2	 0	 2	767 	1	 
1	 3	 1	 2	1148 	0	 
1	 2	 1	 1	726 	1	 
1	 3	 1	 2	1080 	0	 
1	 1	 1	 2	1066 	1	 
1	 1	 1	 1	903 	1	 
1	 2	 0	 1	813 	1	 
1	 2	 1	 2	1091 	0	 
1	 3	 1	 2	1185 	0	 
1	 2	 0	 2	519 	1	 
1	 2	 1	 2	865 	1	 
1	 3	 1	 1	1147 	0	 
1	 3	 1	 1	864 	1	 
1	 1	 1	 1	894 	1	 
1	 2	 1	 1	1452 	1	 
1	 3	 1	 2	1374 	1	 
1	 1	 1	 2	1000 	1	 
1	 2	 1	 2	882 	1	 
1	 2	 0	 1	643 	1	 
1	 1	 1	 2	729 	1	 
1	 2	 1	 1	871 	0	 
1	 3	 0	 1	1029 	0	 
1	 2	 1	 1	830 	1	 
1	 1	 1	 1	756 	0	 
2	 3	 1	 2	1142 	1	 
2	 1	 1	 2	1312 	1	 
2	 1	 1	 1	694 	1	 
2	 2	 1	 1	772 	1	 
2	 1	 0	 2	997 	1	 
2	 3	 0	 2	963 	0	 
2	 3	 0	 1	1113 	0	 
2	 2	 1	 2	835 	1	 
2	 3	 0	 2	1172 	0	 
2	 1	 1	 2	986 	1	 
2	 3	 1	 1	888 	0	 
2	 3	 1	 2	1210 	1	 
2	 3	 1	 2	855 	0	 
2	 2	 1	 1	733 	1	 
2	 1	 1	 2	971 	1	 
2	 2	 1	 2	1677 	1	 
2	 1	 0	 2	891 	1	 
2	 2	 1	 1	693 	1	 
2	 2	 1	 2	687 	1	 
2	 2	 1	 1	1156 	0	 
2	 2	 1	 2	635 	1	 
2	 3	 0	 2	1412 	0	 
2	 3	 0	 1	718 	0	 
2	 2	 0	 2	1036 	1	 
2	 1	 0	 1	686 	1	 
2	 1	 1	 2	872 	1	 
2	 1	 1	 1	605 	1	 
2	 1	 1	 2	887 	1	 
2	 3	 1	 2	1141 	0	 
2	 1	 1	 2	627 	1	 
2	 1	 1	 1	957 	1	 
2	 2	 0	 1	1223 	1	 
2	 3	 1	 1	1326 	0	 
2	 2	 0	 2	1091 	1	 
2	 2	 1	 1	1517 	1	 
2	 1	 1	 1	827 	1	 
2	 2	 1	 1	1233 	1	 
2	 3	 1	 2	1098 	1	 
2	 2	 0	 2	1212 	1	 
2	 3	 1	 1	1262 	0	 
2	 3	 1	 1	1004 	1	 
2	 2	 1	 1	698 	1	 
2	 2	 1	 2	791 	1	 
2	 3	 1	 1	1022 	1	 
2	 3	 0	 1	791 	1	 
2	 2	 1	 2	1182 	1	 
2	 2	 0	 1	531 	1	 
2	 2	 1	 2	577 	1	 
2	 3	 1	 1	1047 	0	 
2	 3	 0	 1	785 	1	 
2	 1	 1	 1	914 	1	 
2	 1	 0	 1	520 	1	 
2	 3	 1	 2	938 	1	 
2	 1	 1	 1	768 	1	 
2	 3	 0	 2	1073 	1	 
2	 1	 1	 1	700 	1	 
2	 1	 1	 2	565 	0	 
2	 1	 1	 1	599 	1	 
2	 2	 0	 1	937 	1	 
2	 1	 1	 2	711 	1	 
3	 1	 0	 1	628 	1	 
3	 3	 0	 1	842 	1	 
3	 3	 0	 1	1177 	0	 
3	 2	 1	 2	738 	1	 
3	 3	 1	 2	884 	1	 
3	 2	 1	 1	850 	1	 
3	 1	 1	 1	756 	1	 
3	 2	 1	 2	713 	1	 
3	 3	 1	 2	1099 	0	 
3	 1	 1	 2	701 	1	 
3	 1	 1	 1	763 	1	 
3	 3	 1	 1	1052 	1	 
3	 2	 1	 1	922 	1	 
3	 2	 1	 1	804 	1	 
3	 1	 0	 2	810 	1	 
3	 3	 0	 2	863 	1	 
3	 2	 1	 1	673 	1	 
3	 1	 1	 2	724 	1	 
3	 3	 0	 1	1026 	0	 
3	 1	 1	 2	920 	1	 
3	 2	 1	 1	1101 	1	 
3	 3	 1	 2	887 	1	 
3	 1	 1	 1	997 	1	 
3	 1	 1	 1	659 	1	 
3	 2	 1	 2	793 	1	 
3	 1	 1	 2	851 	1	 
3	 2	 1	 2	881 	1	 
3	 2	 1	 1	670 	1	 
3	 1	 1	 2	744 	1	 
3	 3	 0	 2	1082 	1	 
3	 1	 1	 2	1127 	1	 
3	 3	 1	 2	1349 	1	 
3	 2	 1	 1	867 	1	 
3	 3	 1	 1	1377 	0	 
3	 1	 1	 2	986 	1	 
3	 3	 1	 1	1112 	1	 
3	 2	 0	 1	918 	1	 
3	 2	 0	 2	896 	1	 
3	 3	 1	 2	909 	1	 
3	 1	 0	 1	695 	1	 
3	 3	 0	 2	1229 	1	 
3	 3	 0	 2	931 	1	 
3	 2	 1	 2	960 	1	 
3	 2	 0	 1	506 	1	 
3	 3	 1	 1	940 	1	 
3	 1	 1	 1	790 	1	 
3	 1	 1	 2	689 	1	 
3	 3	 1	 1	1067 	1	 
3	 3	 1	 1	900 	1	 
3	 2	 1	 2	914 	1	 
3	 2	 0	 1	592 	1	 
3	 3	 0	 1	970 	0	 
3	 1	 0	 2	900 	1	 
3	 1	 1	 1	630 	1	 
3	 1	 1	 1	631 	1	 
3	 2	 0	 2	653 	1	 
3	 1	 1	 1	579 	1	 
3	 2	 1	 2	1001 	1	 
3	 3	 1	 2	974 	0	 
3	 2	 0	 2	833 	1	 
4	 3	 0	 2	847 	1	 
4	 2	 1	 2	916 	1	 
4	 3	 0	 1	682 	1	 
4	 1	 0	 2	692 	1	 
4	 2	 1	 2	1010 	1	 
4	 1	 1	 2	732 	1	 
4	 1	 1	 2	926 	1	 
4	 3	 0	 2	888 	1	 
4	 3	 1	 1	921 	0	 
4	 1	 1	 2	627 	1	 
4	 2	 0	 1	705 	1	 
4	 1	 1	 2	606 	1	 
4	 1	 1	 1	556 	0	 
4	 1	 1	 2	934 	1	 
4	 3	 1	 2	1083 	1	 
4	 2	 1	 1	865 	1	 
4	 1	 1	 1	719 	1	 
4	 2	 1	 2	817 	1	 
4	 2	 0	 2	895 	1	 
4	 2	 1	 1	900 	1	 
4	 1	 1	 1	662 	1	 
4	 2	 0	 2	872 	1	 
4	 2	 1	 1	722 	0	 
4	 2	 1	 1	891 	1	 
4	 1	 0	 1	586 	1	 
4	 3	 1	 1	779 	1	 
4	 3	 0	 1	629 	1	 
4	 3	 0	 2	867 	1	 
4	 3	 0	 1	637 	1	 
4	 1	 0	 2	758 	1	 
4	 1	 1	 2	928 	1	 
4	 3	 1	 2	798 	1	 
4	 3	 1	 2	612 	1	 
4	 3	 1	 2	669 	1	 
4	 2	 1	 2	839 	1	 
4	 1	 1	 1	813 	1	 
4	 3	 1	 1	663 	1	 
4	 1	 1	 2	924 	1	 
4	 3	 1	 1	751 	1	 
4	 2	 1	 2	528 	1	 
4	 2	 1	 1	698 	1	 
4	 1	 1	 1	740 	1	 
4	 2	 1	 1	714 	1	 
4	 3	 1	 1	836 	1	 
4	 3	 0	 1	582 	1	 
4	 3	 1	 2	764 	1	 
4	 3	 1	 1	606 	1	 
4	 3	 1	 2	840 	1	 
4	 2	 0	 1	694 	1	 
4	 2	 0	 1	747 	0	 
4	 2	 1	 2	989 	1	 
4	 1	 1	 1	691 	1	 
4	 1	 1	 1	605 	1	 
4	 1	 1	 2	611 	1	 
4	 1	 0	 1	949 	0	 
4	 2	 1	 2	990 	0	 
4	 2	 1	 1	705 	1	 
4	 3	 0	 2	915 	1	 
4	 2	 0	 2	1004 	0	 
4	 1	 1	 1	942 	0	 
5	 2	 0	 2	816 	1	 
5	 3	 1	 2	702 	1	 
5	 1	 0	 2	944 	1	 
5	 2	 1	 2	834 	0	 
5	 3	 0	 2	568 	1	 
5	 1	 1	 2	569 	1	 
5	 2	 0	 2	851 	1	 
5	 3	 1	 1	969 	1	 
5	 2	 1	 1	754 	1	 
5	 1	 0	 1	960 	1	 
5	 3	 0	 1	782 	1	 
5	 2	 1	 2	660 	1	 
5	 3	 0	 2	702 	1	 
5	 1	 1	 1	639 	0	 
5	 1	 1	 2	665 	1	 
5	 2	 0	 1	747 	1	 
5	 1	 1	 1	660 	1	 
5	 2	 1	 1	690 	0	 
5	 2	 0	 1	581 	1	 
5	 1	 1	 1	934 	1	 
5	 3	 1	 2	752 	1	 
5	 2	 1	 1	830 	1	 
5	 3	 0	 1	655 	1	 
5	 3	 1	 1	657 	1	 
5	 1	 1	 2	660 	1	 
5	 1	 0	 2	838 	1	 
5	 1	 0	 1	603 	1	 
5	 2	 0	 1	857 	0	 
5	 3	 0	 2	1167 	0	 
5	 2	 1	 1	869 	0	 
5	 1	 1	 1	579 	1	 
5	 1	 1	 2	941 	1	 
5	 3	 1	 1	879 	1	 
5	 1	 1	 1	813 	1	 
5	 2	 0	 2	926 	1	 
5	 3	 0	 1	616 	1	 
5	 1	 1	 1	706 	0	 
5	 2	 1	 2	844 	1	 
5	 1	 1	 1	562 	1	 
5	 3	 0	 2	712 	1	 
5	 3	 1	 1	514 	1	 
5	 2	 1	 1	803 	1	 
5	 2	 1	 1	653 	1	 
5	 1	 1	 2	687 	0	 
5	 2	 1	 2	608 	1	 
5	 1	 1	 2	827 	1	 
5	 3	 0	 1	533 	1	 
5	 1	 1	 2	614 	1	 
5	 1	 1	 1	784 	1	 
5	 3	 1	 2	762 	1	 
5	 2	 1	 2	828 	1	 
5	 2	 1	 1	630 	1	 
5	 3	 1	 2	599 	1	 
5	 2	 1	 2	785 	1	 
5	 2	 1	 2	479 	1	 
5	 1	 1	 2	736 	1	 
5	 3	 1	 1	562 	1	 
5	 3	 1	 2	608 	1	 
5	 3	 1	 2	702 	1	 
5	 3	 1	 1	612 	1	 
6	 1	 1	 2	518 	1	 
6	 2	 1	 1	472 	1	 
6	 2	 1	 1	473 	1	 
6	 3	 1	 1	552 	1	 
6	 3	 1	 2	609 	1	 
6	 1	 1	 1	487 	1	 
6	 3	 1	 2	573 	1	 
6	 1	 1	 1	467 	1	 
6	 1	 1	 1	597 	1	 
6	 3	 1	 2	559 	1	 
6	 2	 0	 1	813 	1	 
6	 2	 1	 1	723 	0	 
6	 3	 0	 2	617 	1	 
6	 2	 0	 2	995 	0	 
6	 3	 1	 2	521 	1	 
6	 1	 0	 2	795 	1	 
6	 3	 1	 1	628 	1	 
6	 3	 0	 1	798 	0	 
6	 1	 1	 2	844 	1	 
6	 2	 1	 2	878 	1	 
6	 3	 0	 2	1415 	1	 
6	 1	 1	 2	861 	0	 
6	 3	 1	 1	775 	1	 
6	 1	 1	 2	1065 	0	 
6	 2	 1	 2	683 	1	 
6	 3	 1	 2	889 	0	 
6	 2	 1	 2	683 	1	 
6	 1	 0	 2	588 	1	 
6	 2	 0	 1	738 	1	 
6	 3	 0	 1	644 	1	 
6	 1	 1	 1	718 	0	 
6	 2	 1	 2	655 	1	 
6	 1	 1	 1	745 	0	 
6	 1	 1	 2	795 	1	 
6	 2	 1	 1	600 	1	 
6	 2	 1	 1	638 	0	 
6	 2	 0	 2	536 	1	 
6	 3	 0	 1	710 	1	 
6	 1	 0	 1	903 	1	 
6	 2	 1	 2	677 	0	 
6	 2	 1	 2	495 	1	 
6	 3	 1	 2	773 	1	 
6	 2	 0	 1	678 	1	 
6	 3	 0	 1	724 	1	 
6	 1	 1	 2	655 	0	 
6	 2	 0	 2	793 	0	 
6	 3	 1	 1	1126 	0	 
6	 1	 1	 2	840 	1	 
6	 1	 0	 1	826 	1	 
6	 3	 0	 2	1040 	1	 
6	 3	 1	 1	786 	1	 
6	 1	 1	 1	1076 	0	 
6	 1	 1	 1	630 	1	 
6	 2	 1	 1	728 	0	 
6	 1	 1	 2	945 	1	 
6	 2	 1	 2	755 	1	 
6	 1	 1	 1	725 	1	 
6	 2	 1	 1	503 	1	 
6	 3	 0	 2	608 	1	 
6	 3	 1	 1	882 	0	 
