Block	Pair_type	Feedback_type	Side	RT	ACC
1	 2	 1	 1	1001 	1	 
1	 3	 1	 2	1575 	1	 
1	 2	 1	 2	0 	missed	 
1	 2	 0	 1	1336 	1	 
1	 1	 1	 2	1474 	1	 
1	 1	 1	 1	1344 	1	 
1	 3	 1	 2	1394 	1	 
1	 2	 1	 2	1496 	0	 
1	 3	 1	 1	1697 	1	 
1	 2	 1	 2	899 	1	 
1	 3	 0	 1	1101 	1	 
1	 3	 0	 1	1214 	1	 
1	 3	 0	 2	1544 	0	 
1	 3	 1	 1	1210 	0	 
1	 2	 1	 2	1248 	0	 
1	 3	 0	 2	1433 	0	 
1	 1	 0	 1	1547 	1	 
1	 1	 1	 1	1669 	0	 
1	 1	 0	 1	1699 	1	 
1	 3	 1	 1	1636 	0	 
1	 3	 1	 2	1590 	1	 
1	 1	 1	 2	0 	missed	 
1	 3	 1	 1	1087 	1	 
1	 2	 1	 1	1409 	1	 
1	 2	 1	 1	1375 	1	 
1	 1	 1	 1	0 	missed	 
1	 2	 1	 2	1131 	1	 
1	 1	 1	 1	1253 	0	 
1	 1	 1	 2	1535 	1	 
1	 1	 1	 1	1168 	1	 
1	 3	 1	 2	1290 	0	 
1	 3	 1	 2	1349 	1	 
1	 2	 0	 1	1311 	1	 
1	 3	 1	 1	1460 	0	 
1	 1	 0	 2	1434 	1	 
1	 3	 0	 1	0 	missed	 
1	 2	 1	 1	1118 	0	 
1	 2	 1	 2	1188 	1	 
1	 1	 1	 1	1330 	1	 
1	 2	 1	 1	1259 	1	 
1	 3	 1	 2	0 	missed	 
1	 2	 1	 1	1056 	1	 
1	 1	 0	 2	1138 	1	 
1	 3	 1	 1	1556 	1	 
1	 1	 1	 1	0 	missed	 
1	 2	 0	 1	1156 	1	 
1	 2	 0	 2	1331 	1	 
1	 1	 1	 2	1313 	0	 
1	 3	 0	 2	1314 	1	 
1	 2	 0	 2	1224 	1	 
1	 1	 1	 2	1174 	0	 
1	 2	 1	 1	1457 	1	 
1	 1	 1	 1	1495 	1	 
1	 1	 1	 2	0 	missed	 
1	 2	 0	 2	1067 	1	 
1	 3	 0	 2	1285 	0	 
1	 1	 1	 2	1263 	1	 
1	 2	 1	 2	1037 	1	 
1	 1	 1	 2	1182 	1	 
1	 3	 0	 1	1372 	0	 
2	 3	 0	 1	1234 	0	 
2	 1	 1	 2	1216 	1	 
2	 2	 1	 2	1025 	1	 
2	 1	 1	 2	1320 	1	 
2	 3	 0	 1	1158 	0	 
2	 3	 0	 2	1296 	0	 
2	 3	 1	 1	1162 	0	 
2	 3	 0	 2	1207 	0	 
2	 2	 0	 2	1126 	1	 
2	 2	 1	 1	1072 	1	 
2	 2	 0	 1	1321 	1	 
2	 1	 1	 1	1003 	0	 
2	 2	 0	 2	1125 	1	 
2	 1	 0	 1	1139 	0	 
2	 2	 1	 2	1161 	0	 
2	 1	 1	 1	1407 	1	 
2	 1	 1	 1	1245 	1	 
2	 2	 1	 2	1287 	1	 
2	 3	 1	 2	1505 	0	 
2	 3	 0	 2	1630 	0	 
2	 1	 1	 1	1476 	1	 
2	 2	 1	 2	1546 	0	 
2	 3	 1	 2	1296 	0	 
2	 3	 1	 1	1601 	1	 
2	 1	 1	 1	1219 	1	 
2	 2	 1	 1	1393 	1	 
2	 2	 1	 2	1663 	1	 
2	 3	 1	 2	1328 	0	 
2	 2	 1	 1	1590 	1	 
2	 2	 1	 2	1328 	1	 
2	 1	 1	 2	1066 	1	 
2	 3	 0	 1	1320 	1	 
2	 3	 1	 1	814 	0	 
2	 2	 0	 2	1063 	1	 
2	 3	 0	 1	1013 	1	 
2	 1	 1	 1	1087 	1	 
2	 1	 0	 2	1061 	1	 
2	 3	 1	 2	1306 	0	 
2	 1	 1	 2	845 	1	 
2	 3	 1	 1	1235 	0	 
2	 2	 1	 1	1360 	1	 
2	 1	 1	 2	982 	1	 
2	 1	 1	 1	1608 	1	 
2	 1	 1	 2	790 	1	 
2	 3	 1	 1	1369 	1	 
2	 1	 1	 2	1122 	1	 
2	 1	 1	 1	1300 	1	 
2	 2	 1	 1	1222 	1	 
2	 3	 1	 1	1128 	1	 
2	 3	 1	 2	1241 	0	 
2	 2	 0	 1	1496 	1	 
2	 1	 0	 2	885 	1	 
2	 1	 0	 1	1351 	1	 
2	 3	 0	 2	1105 	1	 
2	 1	 1	 2	1043 	1	 
2	 2	 1	 1	1152 	1	 
2	 2	 1	 1	1230 	1	 
2	 3	 1	 2	1424 	1	 
2	 2	 1	 2	1414 	1	 
2	 2	 0	 1	0 	missed	 
3	 3	 1	 2	1046 	1	 
3	 1	 1	 2	1008 	1	 
3	 2	 1	 2	1162 	1	 
3	 2	 1	 1	1220 	1	 
3	 1	 1	 2	970 	1	 
3	 2	 1	 1	928 	1	 
3	 2	 1	 2	886 	1	 
3	 1	 1	 1	1063 	1	 
3	 2	 0	 2	1021 	1	 
3	 3	 0	 1	1071 	1	 
3	 2	 0	 2	920 	1	 
3	 3	 0	 1	1090 	1	 
3	 3	 1	 1	1013 	1	 
3	 2	 1	 2	1014 	1	 
3	 1	 1	 2	796 	1	 
3	 2	 1	 2	894 	1	 
3	 2	 0	 1	924 	1	 
3	 2	 1	 1	1022 	1	 
3	 2	 1	 1	840 	1	 
3	 1	 1	 2	934 	1	 
3	 1	 1	 1	1052 	1	 
3	 3	 0	 2	1126 	1	 
3	 3	 1	 1	1336 	1	 
3	 1	 1	 2	942 	1	 
3	 3	 1	 1	1308 	1	 
3	 1	 1	 1	1247 	1	 
3	 1	 0	 1	1025 	1	 
3	 2	 1	 2	1047 	1	 
3	 1	 0	 1	1133 	1	 
3	 1	 1	 2	1026 	1	 
3	 3	 0	 1	1184 	1	 
3	 2	 0	 1	1110 	1	 
3	 1	 1	 1	1319 	1	 
3	 3	 1	 1	1529 	1	 
3	 1	 1	 1	1479 	1	 
3	 1	 1	 1	897 	1	 
3	 3	 0	 2	0 	missed	 
3	 3	 1	 2	1137 	0	 
3	 3	 0	 2	1015 	1	 
3	 2	 1	 1	888 	1	 
3	 1	 0	 2	1026 	1	 
3	 1	 1	 1	1180 	1	 
3	 1	 1	 1	1077 	1	 
3	 2	 1	 1	967 	1	 
3	 1	 1	 2	993 	1	 
3	 2	 0	 1	1111 	1	 
3	 3	 1	 2	1301 	1	 
3	 3	 1	 2	1218 	1	 
3	 2	 1	 2	1328 	1	 
3	 3	 0	 1	1482 	0	 
3	 2	 0	 2	1179 	1	 
3	 2	 1	 1	1161 	1	 
3	 2	 1	 2	1479 	1	 
3	 3	 1	 1	1425 	0	 
3	 1	 0	 2	1091 	1	 
3	 3	 1	 2	1570 	1	 
3	 3	 1	 1	0 	missed	 
3	 3	 1	 2	1194 	1	 
3	 3	 0	 2	868 	1	 
3	 1	 1	 2	873 	1	 
4	 3	 0	 1	1092 	1	 
4	 1	 1	 1	954 	1	 
4	 3	 1	 2	1236 	1	 
4	 1	 1	 1	942 	1	 
4	 3	 1	 1	1064 	1	 
4	 3	 0	 1	946 	1	 
4	 3	 0	 2	899 	1	 
4	 2	 1	 1	925 	1	 
4	 2	 1	 2	859 	1	 
4	 1	 1	 1	1121 	1	 
4	 1	 0	 2	971 	1	 
4	 2	 1	 2	1141 	1	 
4	 2	 1	 1	1007 	1	 
4	 2	 1	 2	866 	1	 
4	 3	 1	 1	1107 	1	 
4	 2	 1	 1	1158 	1	 
4	 1	 1	 1	968 	1	 
4	 2	 1	 2	906 	1	 
4	 2	 1	 1	776 	1	 
4	 2	 1	 1	854 	1	 
4	 2	 0	 1	748 	1	 
4	 2	 0	 2	1142 	1	 
4	 2	 0	 2	1352 	1	 
4	 3	 0	 2	1246 	1	 
4	 3	 1	 2	1687 	0	 
4	 1	 1	 2	1213 	1	 
4	 1	 1	 2	1111 	1	 
4	 2	 1	 2	873 	1	 
4	 3	 1	 2	1278 	0	 
4	 3	 0	 1	1260 	1	 
4	 3	 0	 2	1518 	0	 
4	 1	 1	 2	1444 	1	 
4	 3	 1	 2	1469 	1	 
4	 2	 1	 2	879 	1	 
4	 3	 1	 1	1581 	0	 
4	 1	 1	 2	1178 	1	 
4	 2	 0	 2	988 	1	 
4	 3	 1	 1	1230 	0	 
4	 3	 1	 2	808 	1	 
4	 1	 1	 1	1218 	1	 
4	 1	 0	 1	1436 	1	 
4	 3	 1	 1	1050 	1	 
4	 1	 1	 2	992 	1	 
4	 2	 0	 1	857 	1	 
4	 1	 1	 2	716 	1	 
4	 1	 1	 2	713 	1	 
4	 1	 1	 2	891 	1	 
4	 3	 0	 2	1266 	1	 
4	 1	 1	 1	975 	1	 
4	 2	 1	 1	794 	1	 
4	 1	 1	 1	967 	1	 
4	 2	 1	 1	993 	1	 
4	 2	 1	 2	863 	1	 
4	 1	 1	 1	1357 	1	 
4	 1	 0	 2	1407 	1	 
4	 3	 0	 1	1425 	1	 
4	 3	 1	 1	1452 	1	 
4	 2	 0	 1	818 	1	 
4	 1	 0	 1	887 	1	 
4	 3	 1	 2	1181 	1	 
5	 3	 1	 2	883 	1	 
5	 1	 1	 2	964 	1	 
5	 2	 1	 1	918 	1	 
5	 2	 1	 2	1156 	1	 
5	 2	 1	 2	1238 	1	 
5	 1	 1	 1	980 	1	 
5	 3	 1	 2	1206 	1	 
5	 1	 1	 2	1256 	1	 
5	 1	 0	 1	783 	1	 
5	 1	 0	 2	1236 	1	 
5	 2	 1	 1	1426 	1	 
5	 1	 0	 1	1268 	1	 
5	 3	 1	 2	1010 	1	 
5	 2	 1	 1	1236 	1	 
5	 2	 1	 2	1581 	0	 
5	 1	 1	 2	971 	1	 
5	 2	 1	 2	985 	1	 
5	 3	 0	 2	1130 	1	 
5	 1	 1	 1	1612 	0	 
5	 3	 1	 1	1406 	1	 
5	 3	 0	 2	944 	1	 
5	 3	 1	 1	946 	1	 
5	 1	 1	 1	1100 	1	 
5	 1	 1	 2	1058 	1	 
5	 2	 0	 1	1496 	1	 
5	 3	 1	 1	946 	1	 
5	 3	 0	 2	1087 	1	 
5	 2	 1	 2	857 	1	 
5	 3	 1	 2	984 	1	 
5	 2	 1	 2	1053 	1	 
5	 1	 1	 2	811 	1	 
5	 2	 1	 1	981 	1	 
5	 1	 0	 2	858 	1	 
5	 2	 1	 1	776 	1	 
5	 2	 1	 1	826 	1	 
5	 2	 0	 1	876 	1	 
5	 1	 1	 1	1018 	1	 
5	 1	 1	 1	1080 	1	 
5	 2	 0	 2	786 	1	 
5	 3	 1	 2	940 	1	 
5	 3	 1	 1	1398 	1	 
5	 3	 0	 2	836 	1	 
5	 1	 1	 1	1101 	1	 
5	 2	 0	 1	1295 	1	 
5	 3	 0	 1	1149 	1	 
5	 3	 1	 1	1127 	1	 
5	 2	 1	 1	1140 	1	 
5	 3	 1	 1	1091 	1	 
5	 3	 1	 2	1205 	1	 
5	 2	 1	 2	911 	1	 
5	 2	 0	 2	937 	1	 
5	 1	 1	 1	878 	1	 
5	 2	 0	 2	836 	1	 
5	 1	 1	 2	810 	1	 
5	 1	 1	 1	904 	1	 
5	 1	 1	 2	821 	1	 
5	 3	 0	 1	891 	1	 
5	 1	 1	 2	737 	1	 
5	 3	 0	 1	1055 	1	 
5	 3	 0	 1	945 	1	 
6	 1	 1	 2	879 	1	 
6	 2	 1	 1	932 	1	 
6	 3	 1	 1	838 	1	 
6	 1	 1	 1	1060 	1	 
6	 2	 1	 2	866 	1	 
6	 2	 0	 1	923 	1	 
6	 3	 1	 2	1406 	1	 
6	 3	 1	 2	1320 	1	 
6	 1	 1	 2	842 	1	 
6	 3	 0	 1	924 	1	 
6	 1	 1	 2	919 	1	 
6	 3	 1	 1	813 	1	 
6	 2	 1	 1	802 	1	 
6	 3	 1	 1	948 	1	 
6	 2	 0	 2	846 	1	 
6	 3	 1	 2	827 	1	 
6	 1	 0	 2	809 	1	 
6	 2	 1	 1	903 	1	 
6	 1	 0	 1	1025 	1	 
6	 2	 1	 2	811 	1	 
6	 2	 1	 1	885 	1	 
6	 1	 1	 1	911 	1	 
6	 2	 0	 2	920 	1	 
6	 3	 1	 2	974 	1	 
6	 3	 0	 1	1049 	1	 
6	 2	 0	 1	1150 	1	 
6	 1	 1	 2	876 	1	 
6	 1	 1	 2	830 	1	 
6	 2	 1	 2	1031 	1	 
6	 3	 1	 2	937 	1	 
6	 3	 1	 2	771 	1	 
6	 3	 0	 1	941 	1	 
6	 1	 1	 1	871 	1	 
6	 2	 0	 1	797 	1	 
6	 1	 1	 1	859 	1	 
6	 2	 1	 2	692 	1	 
6	 2	 0	 2	903 	1	 
6	 2	 1	 1	641 	1	 
6	 2	 1	 1	867 	1	 
6	 1	 1	 1	889 	1	 
6	 3	 0	 2	818 	1	 
6	 3	 1	 1	1080 	1	 
6	 2	 1	 1	838 	1	 
6	 3	 0	 1	924 	1	 
6	 1	 1	 1	826 	1	 
6	 1	 0	 1	776 	1	 
6	 3	 0	 2	1245 	1	 
6	 1	 1	 2	947 	1	 
6	 1	 1	 2	629 	1	 
6	 3	 0	 2	911 	1	 
6	 2	 1	 2	848 	1	 
6	 1	 1	 2	942 	1	 
6	 1	 1	 1	1057 	1	 
6	 3	 1	 1	871 	0	 
6	 3	 0	 2	1241 	1	 
6	 3	 1	 1	1187 	0	 
6	 2	 1	 2	725 	1	 
6	 1	 0	 2	1591 	1	 
6	 2	 1	 2	870 	1	 
6	 1	 1	 1	1059 	1	 
