Block	Pair_type	Feedback_type	Side	RT	ACC
1	 1	 1	 2	1197 	1	 
1	 2	 0	 1	1270 	1	 
1	 1	 0	 1	1348 	0	 
1	 1	 1	 1	0 	missed	 
1	 1	 1	 2	1188 	0	 
1	 2	 1	 1	1526 	0	 
1	 3	 1	 2	1152 	1	 
1	 3	 0	 2	849 	0	 
1	 3	 0	 1	1275 	0	 
1	 1	 1	 1	1541 	1	 
1	 1	 0	 1	0 	missed	 
1	 1	 1	 2	914 	0	 
1	 2	 1	 1	688 	0	 
1	 2	 1	 1	458 	0	 
1	 2	 1	 2	792 	1	 
1	 3	 0	 2	1310 	0	 
1	 1	 0	 2	1180 	1	 
1	 3	 1	 1	974 	1	 
1	 2	 0	 1	1344 	1	 
1	 1	 1	 2	1038 	1	 
1	 1	 1	 1	1084 	0	 
1	 3	 0	 1	978 	0	 
1	 2	 0	 2	871 	0	 
1	 2	 1	 1	1505 	0	 
1	 2	 1	 2	1175 	1	 
1	 3	 1	 1	1237 	1	 
1	 1	 1	 2	879 	1	 
1	 3	 1	 2	1061 	0	 
1	 3	 1	 1	1123 	1	 
1	 3	 1	 2	745 	0	 
1	 1	 1	 1	1326 	0	 
1	 1	 1	 1	932 	1	 
1	 2	 1	 2	930 	0	 
1	 3	 0	 2	1436 	0	 
1	 1	 1	 1	0 	missed	 
1	 2	 1	 2	740 	0	 
1	 2	 0	 1	574 	0	 
1	 3	 1	 1	1469 	0	 
1	 1	 1	 1	767 	1	 
1	 2	 1	 2	1040 	1	 
1	 3	 1	 2	835 	0	 
1	 2	 1	 2	1420 	1	 
1	 1	 0	 2	666 	0	 
1	 2	 1	 1	1408 	0	 
1	 2	 0	 2	1458 	1	 
1	 3	 1	 1	1229 	0	 
1	 3	 1	 2	351 	0	 
1	 1	 1	 1	1308 	1	 
1	 2	 1	 2	674 	1	 
1	 3	 0	 2	660 	1	 
1	 3	 0	 1	766 	1	 
1	 3	 1	 2	1056 	1	 
1	 1	 1	 2	1386 	0	 
1	 3	 0	 1	716 	1	 
1	 3	 1	 1	554 	1	 
1	 1	 1	 2	867 	1	 
1	 2	 1	 1	0 	missed	 
1	 2	 0	 2	984 	0	 
1	 2	 1	 1	1281 	1	 
1	 1	 1	 2	1435 	0	 
2	 3	 0	 1	929 	0	 
2	 2	 1	 1	1483 	0	 
2	 3	 1	 1	1176 	1	 
2	 3	 0	 1	630 	1	 
2	 3	 1	 2	1496 	0	 
2	 2	 1	 1	770 	0	 
2	 1	 1	 2	623 	0	 
2	 2	 1	 2	858 	1	 
2	 1	 0	 1	1512 	1	 
2	 2	 1	 2	950 	0	 
2	 2	 0	 2	664 	0	 
2	 1	 1	 1	1213 	0	 
2	 1	 0	 2	791 	0	 
2	 3	 0	 2	797 	1	 
2	 1	 1	 2	771 	1	 
2	 3	 0	 2	493 	1	 
2	 3	 1	 1	1111 	1	 
2	 1	 1	 1	888 	1	 
2	 2	 0	 2	1426 	1	 
2	 1	 0	 1	1580 	1	 
2	 3	 0	 2	874 	1	 
2	 3	 1	 2	508 	1	 
2	 3	 1	 2	1067 	0	 
2	 2	 1	 2	896 	0	 
2	 1	 1	 2	586 	1	 
2	 3	 0	 2	1168 	0	 
2	 1	 1	 1	1121 	1	 
2	 2	 0	 1	1323 	0	 
2	 1	 1	 1	1366 	0	 
2	 2	 1	 1	1135 	0	 
2	 2	 1	 1	741 	1	 
2	 1	 1	 1	0 	missed	 
2	 2	 1	 1	762 	1	 
2	 2	 1	 2	1468 	1	 
2	 3	 1	 1	1009 	0	 
2	 2	 0	 1	723 	1	 
2	 3	 1	 2	781 	1	 
2	 3	 1	 2	879 	1	 
2	 1	 0	 2	1345 	0	 
2	 2	 0	 2	707 	1	 
2	 1	 1	 2	0 	missed	 
2	 3	 1	 2	644 	1	 
2	 3	 1	 1	1113 	1	 
2	 1	 1	 1	1263 	1	 
2	 2	 1	 2	1313 	1	 
2	 3	 0	 1	959 	0	 
2	 1	 1	 2	832 	0	 
2	 2	 1	 2	1010 	1	 
2	 1	 1	 2	516 	1	 
2	 2	 0	 1	721 	1	 
2	 1	 1	 2	1591 	1	 
2	 1	 1	 1	1161 	1	 
2	 3	 1	 1	1027 	1	 
2	 2	 1	 1	1505 	1	 
2	 3	 1	 1	887 	0	 
2	 1	 1	 2	1456 	1	 
2	 1	 1	 1	714 	1	 
2	 2	 1	 2	700 	1	 
2	 3	 0	 1	1238 	1	 
2	 2	 1	 1	879 	1	 
3	 2	 1	 2	989 	1	 
3	 1	 1	 1	595 	1	 
3	 2	 1	 2	0 	missed	 
3	 3	 1	 1	607 	1	 
3	 3	 1	 2	434 	1	 
3	 2	 1	 1	879 	1	 
3	 1	 1	 2	909 	1	 
3	 1	 1	 1	1175 	1	 
3	 1	 1	 2	1265 	0	 
3	 2	 0	 2	851 	1	 
3	 3	 0	 1	781 	1	 
3	 1	 1	 2	679 	0	 
3	 2	 1	 2	488 	1	 
3	 2	 1	 2	610 	1	 
3	 2	 1	 2	1180 	1	 
3	 1	 1	 2	1321 	1	 
3	 2	 1	 1	863 	1	 
3	 2	 1	 1	745 	1	 
3	 1	 1	 1	695 	1	 
3	 2	 1	 1	576 	1	 
3	 1	 1	 1	790 	1	 
3	 1	 1	 1	584 	1	 
3	 3	 1	 2	738 	1	 
3	 1	 1	 1	475 	1	 
3	 3	 1	 1	562 	1	 
3	 3	 1	 2	480 	1	 
3	 1	 1	 2	457 	1	 
3	 2	 0	 1	531 	1	 
3	 2	 1	 1	533 	1	 
3	 3	 0	 2	619 	1	 
3	 1	 1	 1	968 	1	 
3	 3	 0	 2	406 	1	 
3	 3	 1	 1	476 	1	 
3	 3	 0	 2	934 	0	 
3	 3	 0	 1	804 	1	 
3	 3	 1	 2	438 	0	 
3	 2	 1	 2	919 	0	 
3	 3	 1	 1	1061 	0	 
3	 1	 1	 2	991 	1	 
3	 3	 0	 1	413 	1	 
3	 3	 1	 1	923 	1	 
3	 2	 1	 1	889 	0	 
3	 3	 1	 2	1183 	1	 
3	 3	 1	 2	433 	0	 
3	 2	 0	 2	1091 	1	 
3	 2	 0	 1	1105 	1	 
3	 1	 0	 2	731 	1	 
3	 1	 0	 1	969 	1	 
3	 1	 1	 2	906 	0	 
3	 2	 0	 1	924 	0	 
3	 1	 1	 2	874 	0	 
3	 1	 0	 1	1125 	1	 
3	 1	 0	 2	847 	0	 
3	 3	 0	 2	645 	0	 
3	 1	 1	 1	851 	0	 
3	 2	 1	 2	1624 	1	 
3	 3	 0	 1	891 	0	 
3	 2	 0	 2	1661 	0	 
3	 3	 1	 1	799 	0	 
3	 2	 1	 1	1477 	0	 
4	 3	 0	 1	738 	0	 
4	 3	 0	 2	1064 	0	 
4	 1	 1	 2	982 	0	 
4	 2	 0	 1	0 	missed	 
4	 1	 1	 2	770 	0	 
4	 1	 1	 2	844 	0	 
4	 1	 1	 1	1077 	1	 
4	 2	 1	 1	1091 	0	 
4	 1	 1	 1	762 	0	 
4	 3	 0	 2	935 	1	 
4	 3	 1	 2	537 	0	 
4	 3	 1	 1	1079 	1	 
4	 2	 1	 2	1353 	0	 
4	 1	 0	 2	818 	0	 
4	 2	 1	 1	416 	0	 
4	 1	 1	 2	902 	0	 
4	 3	 1	 1	896 	0	 
4	 3	 0	 2	801 	1	 
4	 3	 1	 2	967 	0	 
4	 2	 1	 1	1593 	0	 
4	 3	 1	 1	879 	0	 
4	 3	 0	 1	1232 	0	 
4	 1	 1	 1	1554 	1	 
4	 2	 1	 2	1136 	1	 
4	 3	 1	 1	1294 	1	 
4	 2	 1	 1	859 	1	 
4	 1	 1	 1	1089 	0	 
4	 1	 0	 1	675 	1	 
4	 3	 1	 1	913 	0	 
4	 3	 0	 1	1235 	0	 
4	 2	 0	 2	1313 	0	 
4	 1	 0	 2	835 	1	 
4	 3	 1	 2	1036 	1	 
4	 1	 1	 2	1422 	0	 
4	 3	 0	 2	1016 	1	 
4	 2	 1	 1	689 	0	 
4	 1	 1	 2	0 	missed	 
4	 2	 1	 1	470 	0	 
4	 2	 1	 2	971 	0	 
4	 3	 1	 2	485 	0	 
4	 2	 0	 1	691 	1	 
4	 2	 1	 2	1389 	0	 
4	 1	 1	 2	943 	1	 
4	 2	 0	 2	1073 	1	 
4	 3	 1	 2	747 	1	 
4	 2	 0	 2	997 	1	 
4	 2	 1	 2	1271 	1	 
4	 3	 1	 2	1052 	0	 
4	 1	 1	 1	930 	0	 
4	 3	 0	 1	852 	0	 
4	 3	 1	 1	754 	1	 
4	 2	 1	 2	1039 	1	 
4	 1	 0	 1	1105 	1	 
4	 2	 0	 1	707 	1	 
4	 1	 1	 1	1193 	0	 
4	 1	 1	 2	1086 	0	 
4	 2	 1	 2	956 	0	 
4	 2	 1	 1	995 	1	 
4	 1	 1	 1	932 	0	 
4	 1	 1	 1	226 	0	 
5	 1	 1	 1	336 	1	 
5	 2	 1	 2	238 	0	 
5	 3	 0	 2	832 	0	 
5	 2	 1	 2	837 	1	 
5	 3	 1	 2	655 	0	 
5	 3	 1	 2	593 	0	 
5	 2	 1	 2	831 	1	 
5	 3	 1	 1	1180 	0	 
5	 1	 1	 2	1150 	1	 
5	 1	 1	 2	432 	1	 
5	 3	 0	 1	850 	1	 
5	 2	 1	 2	1435 	0	 
5	 1	 1	 2	517 	1	 
5	 2	 0	 2	1307 	1	 
5	 3	 1	 2	1317 	1	 
5	 3	 1	 1	723 	1	 
5	 2	 1	 2	693 	0	 
5	 1	 1	 2	875 	0	 
5	 1	 1	 1	746 	0	 
5	 3	 1	 1	655 	1	 
5	 1	 0	 2	497 	1	 
5	 2	 1	 2	687 	1	 
5	 1	 1	 1	409 	0	 
5	 2	 0	 2	979 	0	 
5	 2	 0	 1	1293 	0	 
5	 3	 1	 1	1454 	0	 
5	 3	 0	 2	1280 	1	 
5	 1	 0	 1	862 	1	 
5	 3	 1	 2	432 	0	 
5	 3	 0	 1	549 	0	 
5	 2	 1	 1	1151 	0	 
5	 1	 1	 1	945 	0	 
5	 1	 1	 1	591 	0	 
5	 2	 1	 1	261 	0	 
5	 1	 0	 1	223 	0	 
5	 2	 1	 1	325 	0	 
5	 2	 1	 1	531 	1	 
5	 2	 1	 1	453 	1	 
5	 2	 1	 2	1287 	1	 
5	 1	 1	 1	1560 	1	 
5	 3	 0	 2	1090 	0	 
5	 1	 1	 1	693 	1	 
5	 2	 0	 1	590 	0	 
5	 3	 1	 1	777 	0	 
5	 3	 1	 1	274 	0	 
5	 3	 0	 2	521 	0	 
5	 1	 1	 2	258 	1	 
5	 2	 1	 1	309 	0	 
5	 2	 1	 1	287 	1	 
5	 2	 0	 1	693 	1	 
5	 1	 0	 2	683 	0	 
5	 1	 1	 2	1113 	1	 
5	 1	 1	 2	1186 	1	 
5	 3	 0	 1	0 	missed	 
5	 1	 1	 1	686 	1	 
5	 2	 0	 2	1172 	1	 
5	 3	 1	 2	794 	0	 
5	 3	 1	 2	780 	0	 
5	 3	 0	 1	933 	1	 
5	 1	 1	 2	795 	0	 
6	 2	 1	 2	721 	1	 
6	 1	 1	 2	907 	1	 
6	 2	 1	 2	525 	1	 
6	 1	 0	 2	963 	1	 
6	 1	 1	 1	953 	0	 
6	 3	 1	 2	1475 	0	 
6	 1	 1	 1	1181 	1	 
6	 3	 0	 1	1103 	0	 
6	 2	 1	 1	1661 	0	 
6	 3	 0	 1	0 	missed	 
6	 2	 1	 1	925 	1	 
6	 3	 1	 2	855 	0	 
6	 3	 1	 2	1077 	1	 
6	 1	 0	 1	735 	1	 
6	 1	 1	 2	805 	0	 
6	 1	 1	 1	750 	0	 
6	 1	 1	 1	500 	1	 
6	 3	 1	 1	1138 	0	 
6	 3	 0	 2	896 	1	 
6	 3	 1	 2	1281 	1	 
6	 2	 0	 2	1183 	1	 
6	 2	 1	 1	1409 	1	 
6	 2	 1	 2	895 	1	 
6	 1	 1	 2	829 	1	 
6	 3	 1	 1	947 	1	 
6	 3	 1	 2	556 	1	 
6	 1	 1	 1	778 	1	 
6	 1	 1	 2	1324 	1	 
6	 1	 1	 1	1134 	1	 
6	 3	 1	 1	952 	1	 
6	 1	 1	 1	874 	1	 
6	 2	 1	 1	1636 	1	 
6	 3	 1	 1	726 	1	 
6	 1	 1	 2	752 	1	 
6	 3	 0	 1	657 	1	 
6	 1	 1	 2	940 	0	 
6	 1	 0	 1	574 	1	 
6	 2	 1	 1	1393 	0	 
6	 2	 1	 2	790 	1	 
6	 3	 0	 1	633 	1	 
6	 2	 0	 2	1190 	1	 
6	 2	 1	 2	881 	1	 
6	 2	 0	 2	1043 	1	 
6	 2	 1	 2	672 	1	 
6	 3	 0	 2	934 	1	 
6	 3	 1	 2	736 	1	 
6	 1	 1	 1	742 	0	 
6	 2	 1	 2	696 	1	 
6	 2	 0	 1	770 	1	 
6	 1	 1	 2	963 	0	 
6	 3	 0	 2	769 	1	 
6	 3	 1	 1	683 	0	 
6	 1	 0	 2	741 	1	 
6	 2	 0	 1	1283 	0	 
6	 3	 1	 1	1101 	0	 
6	 3	 0	 2	1183 	0	 
6	 1	 1	 2	1364 	1	 
6	 2	 1	 1	1318 	1	 
6	 2	 0	 1	1384 	1	 
6	 2	 1	 1	1321 	0	 
