Block	Pair_type	Feedback_type	Side	RT	ACC
1	 2	 1	 1	1067 	1	 
1	 2	 1	 2	956 	1	 
1	 3	 1	 1	886 	0	 
1	 3	 1	 1	1225 	1	 
1	 3	 1	 1	1027 	1	 
1	 2	 0	 1	1218 	1	 
1	 2	 1	 2	1275 	1	 
1	 2	 1	 1	1266 	1	 
1	 1	 1	 2	1260 	0	 
1	 1	 1	 2	1157 	1	 
1	 1	 0	 1	896 	1	 
1	 3	 1	 2	1497 	0	 
1	 3	 1	 2	1023 	1	 
1	 1	 1	 2	1469 	1	 
1	 2	 1	 2	1527 	1	 
1	 1	 1	 2	1245 	1	 
1	 3	 1	 2	1206 	0	 
1	 3	 0	 2	872 	1	 
1	 1	 1	 1	1086 	1	 
1	 3	 1	 2	1199 	1	 
1	 3	 1	 1	1265 	1	 
1	 1	 1	 1	1207 	0	 
1	 2	 0	 1	913 	1	 
1	 1	 1	 1	1399 	0	 
1	 1	 0	 1	0 	missed	 
1	 2	 0	 2	915 	1	 
1	 2	 1	 2	901 	1	 
1	 2	 1	 1	915 	1	 
1	 2	 1	 2	637 	1	 
1	 2	 1	 2	590 	1	 
1	 1	 1	 2	1413 	0	 
1	 1	 1	 1	1007 	0	 
1	 3	 1	 2	953 	1	 
1	 1	 1	 1	802 	1	 
1	 1	 1	 2	1020 	1	 
1	 3	 0	 1	946 	1	 
1	 2	 0	 2	904 	1	 
1	 3	 0	 1	1517 	1	 
1	 1	 1	 1	1035 	1	 
1	 3	 0	 1	1029 	0	 
1	 2	 1	 1	831 	1	 
1	 2	 1	 1	853 	1	 
1	 1	 0	 2	1386 	0	 
1	 2	 0	 1	884 	1	 
1	 1	 1	 1	942 	1	 
1	 3	 0	 2	0 	missed	 
1	 2	 1	 2	663 	1	 
1	 2	 1	 1	572 	1	 
1	 1	 1	 2	694 	1	 
1	 3	 1	 1	880 	1	 
1	 2	 0	 2	781 	1	 
1	 1	 1	 1	931 	0	 
1	 3	 0	 2	849 	1	 
1	 1	 0	 2	1211 	1	 
1	 3	 1	 2	1000 	1	 
1	 2	 1	 1	690 	1	 
1	 1	 1	 2	977 	1	 
1	 3	 1	 1	1470 	1	 
1	 3	 0	 1	936 	0	 
1	 3	 0	 2	1354 	1	 
2	 1	 0	 1	1636 	1	 
2	 1	 1	 1	893 	1	 
2	 2	 1	 2	739 	1	 
2	 3	 1	 2	1025 	1	 
2	 2	 1	 1	831 	1	 
2	 3	 0	 1	881 	0	 
2	 2	 0	 1	903 	1	 
2	 3	 1	 1	969 	1	 
2	 1	 1	 1	818 	0	 
2	 2	 1	 1	796 	1	 
2	 2	 1	 2	618 	1	 
2	 3	 0	 2	824 	1	 
2	 2	 1	 2	842 	1	 
2	 1	 1	 2	824 	1	 
2	 3	 0	 2	0 	missed	 
2	 1	 1	 1	917 	1	 
2	 1	 1	 1	683 	1	 
2	 2	 1	 2	561 	1	 
2	 3	 1	 2	878 	0	 
2	 2	 1	 2	728 	1	 
2	 3	 0	 1	714 	0	 
2	 1	 1	 2	772 	1	 
2	 3	 1	 2	1093 	1	 
2	 3	 1	 2	935 	1	 
2	 2	 1	 2	617 	1	 
2	 2	 0	 1	831 	1	 
2	 2	 0	 2	644 	1	 
2	 2	 1	 2	574 	1	 
2	 1	 0	 2	908 	1	 
2	 3	 1	 1	995 	1	 
2	 1	 1	 2	652 	1	 
2	 3	 0	 2	670 	1	 
2	 1	 1	 2	680 	1	 
2	 1	 1	 1	862 	1	 
2	 1	 1	 1	988 	1	 
2	 3	 1	 1	753 	0	 
2	 3	 0	 2	879 	1	 
2	 2	 0	 2	585 	1	 
2	 1	 1	 1	842 	0	 
2	 2	 1	 1	740 	1	 
2	 2	 1	 1	578 	1	 
2	 1	 1	 2	944 	1	 
2	 3	 1	 2	1082 	1	 
2	 1	 1	 2	847 	1	 
2	 3	 1	 1	1049 	1	 
2	 2	 0	 2	551 	1	 
2	 2	 1	 1	745 	1	 
2	 2	 1	 1	1242 	1	 
2	 3	 0	 1	844 	1	 
2	 2	 0	 1	710 	1	 
2	 1	 1	 2	1023 	1	 
2	 3	 1	 1	806 	1	 
2	 3	 0	 1	628 	1	 
2	 1	 1	 2	1002 	1	 
2	 2	 1	 1	576 	1	 
2	 1	 0	 2	1009 	0	 
2	 1	 1	 1	807 	1	 
2	 1	 0	 1	514 	1	 
2	 3	 1	 1	859 	0	 
2	 3	 1	 2	825 	1	 
3	 3	 1	 2	844 	1	 
3	 2	 1	 2	793 	1	 
3	 3	 0	 2	619 	1	 
3	 1	 1	 1	793 	1	 
3	 3	 0	 2	794 	1	 
3	 3	 1	 2	996 	1	 
3	 1	 0	 1	666 	1	 
3	 2	 1	 1	640 	1	 
3	 2	 1	 1	562 	1	 
3	 3	 1	 2	860 	1	 
3	 3	 1	 1	762 	1	 
3	 2	 0	 2	547 	1	 
3	 1	 1	 1	705 	1	 
3	 2	 1	 2	815 	1	 
3	 1	 1	 2	933 	1	 
3	 2	 0	 1	874 	1	 
3	 3	 1	 2	901 	1	 
3	 1	 0	 2	879 	1	 
3	 2	 1	 1	948 	1	 
3	 3	 0	 1	798 	1	 
3	 3	 0	 1	908 	1	 
3	 1	 0	 1	726 	1	 
3	 1	 0	 2	884 	1	 
3	 1	 1	 1	646 	1	 
3	 2	 1	 2	632 	1	 
3	 3	 1	 2	1237 	1	 
3	 3	 0	 1	831 	1	 
3	 2	 0	 2	533 	1	 
3	 1	 1	 1	646 	1	 
3	 2	 1	 1	684 	1	 
3	 3	 1	 1	702 	1	 
3	 1	 1	 1	660 	1	 
3	 2	 0	 1	537 	1	 
3	 1	 1	 2	799 	1	 
3	 2	 1	 2	589 	1	 
3	 1	 1	 2	939 	1	 
3	 3	 0	 2	1004 	1	 
3	 1	 1	 2	798 	1	 
3	 1	 1	 2	904 	1	 
3	 1	 1	 2	730 	1	 
3	 1	 1	 1	763 	1	 
3	 1	 1	 2	729 	1	 
3	 1	 1	 1	579 	1	 
3	 2	 1	 2	672 	1	 
3	 2	 0	 1	746 	1	 
3	 3	 1	 2	1068 	1	 
3	 3	 1	 1	726 	1	 
3	 2	 0	 2	604 	1	 
3	 1	 1	 1	713 	1	 
3	 1	 1	 2	795 	1	 
3	 3	 1	 1	813 	1	 
3	 2	 1	 1	702 	1	 
3	 3	 0	 2	1000 	1	 
3	 3	 1	 1	586 	1	 
3	 3	 0	 1	916 	1	 
3	 3	 1	 1	581 	1	 
3	 2	 1	 1	735 	1	 
3	 2	 1	 2	617 	1	 
3	 2	 1	 1	547 	1	 
3	 2	 1	 2	477 	1	 
4	 1	 1	 1	686 	1	 
4	 2	 1	 1	576 	1	 
4	 3	 0	 2	810 	1	 
4	 1	 1	 2	972 	1	 
4	 1	 0	 1	1245 	1	 
4	 3	 0	 2	883 	1	 
4	 1	 1	 1	673 	1	 
4	 3	 1	 2	947 	0	 
4	 2	 1	 2	700 	1	 
4	 1	 1	 2	926 	1	 
4	 2	 1	 1	752 	1	 
4	 2	 1	 2	574 	1	 
4	 1	 0	 1	576 	1	 
4	 2	 1	 1	678 	1	 
4	 1	 0	 2	755 	1	 
4	 1	 1	 2	593 	1	 
4	 3	 0	 1	1235 	1	 
4	 3	 0	 2	1045 	1	 
4	 3	 1	 2	670 	0	 
4	 2	 0	 2	644 	1	 
4	 3	 1	 2	834 	1	 
4	 2	 1	 2	520 	1	 
4	 3	 1	 2	925 	1	 
4	 1	 1	 1	696 	1	 
4	 2	 1	 2	1070 	1	 
4	 3	 1	 1	1091 	1	 
4	 1	 1	 1	709 	1	 
4	 1	 0	 2	699 	1	 
4	 1	 1	 1	1125 	1	 
4	 1	 1	 2	628 	1	 
4	 2	 1	 1	557 	1	 
4	 2	 1	 1	696 	1	 
4	 3	 0	 2	777 	1	 
4	 2	 1	 2	863 	1	 
4	 2	 1	 1	645 	1	 
4	 2	 0	 2	523 	1	 
4	 3	 0	 1	865 	1	 
4	 2	 0	 1	626 	1	 
4	 1	 1	 2	664 	1	 
4	 1	 1	 2	662 	1	 
4	 1	 1	 2	635 	1	 
4	 3	 1	 1	801 	1	 
4	 3	 1	 2	743 	1	 
4	 2	 1	 2	577 	1	 
4	 3	 1	 1	662 	1	 
4	 1	 1	 1	664 	0	 
4	 1	 1	 1	670 	1	 
4	 3	 1	 1	780 	1	 
4	 1	 1	 1	697 	1	 
4	 3	 0	 1	615 	1	 
4	 1	 1	 2	713 	1	 
4	 2	 1	 1	778 	1	 
4	 2	 1	 2	544 	1	 
4	 3	 0	 1	546 	1	 
4	 3	 1	 2	912 	1	 
4	 2	 0	 1	665 	1	 
4	 2	 0	 2	667 	1	 
4	 2	 0	 1	537 	1	 
4	 3	 1	 1	703 	1	 
4	 3	 1	 1	561 	1	 
5	 1	 1	 2	926 	1	 
5	 2	 1	 2	520 	1	 
5	 3	 0	 2	906 	1	 
5	 3	 0	 1	640 	1	 
5	 3	 0	 1	834 	1	 
5	 2	 1	 1	740 	1	 
5	 3	 0	 2	857 	1	 
5	 1	 0	 1	923 	1	 
5	 3	 1	 2	978 	0	 
5	 1	 1	 2	815 	1	 
5	 2	 0	 2	589 	1	 
5	 1	 1	 1	715 	1	 
5	 3	 0	 1	661 	0	 
5	 1	 1	 1	698 	1	 
5	 1	 1	 1	592 	1	 
5	 2	 1	 2	615 	1	 
5	 1	 1	 1	728 	1	 
5	 3	 1	 2	674 	0	 
5	 3	 1	 1	792 	0	 
5	 2	 1	 2	599 	1	 
5	 2	 0	 1	593 	1	 
5	 3	 0	 2	570 	0	 
5	 3	 0	 2	660 	0	 
5	 2	 1	 1	602 	1	 
5	 3	 1	 2	535 	0	 
5	 2	 1	 2	869 	1	 
5	 2	 1	 1	603 	1	 
5	 1	 0	 2	901 	1	 
5	 1	 1	 2	791 	1	 
5	 3	 1	 1	617 	0	 
5	 1	 1	 1	691 	0	 
5	 2	 1	 1	681 	1	 
5	 1	 1	 2	1319 	1	 
5	 1	 1	 2	809 	1	 
5	 3	 1	 1	971 	1	 
5	 1	 0	 1	909 	1	 
5	 2	 1	 2	1143 	1	 
5	 3	 1	 1	893 	0	 
5	 1	 1	 2	747 	1	 
5	 2	 0	 2	628 	1	 
5	 1	 1	 1	702 	1	 
5	 3	 1	 1	824 	1	 
5	 1	 1	 1	766 	1	 
5	 1	 1	 2	700 	1	 
5	 2	 0	 2	578 	1	 
5	 3	 0	 1	615 	1	 
5	 1	 1	 1	665 	1	 
5	 2	 0	 1	771 	1	 
5	 2	 1	 2	693 	1	 
5	 2	 1	 1	598 	1	 
5	 2	 1	 1	560 	1	 
5	 3	 1	 2	762 	1	 
5	 2	 0	 1	636 	1	 
5	 2	 1	 1	521 	1	 
5	 1	 0	 2	731 	1	 
5	 3	 1	 2	781 	1	 
5	 2	 1	 2	619 	1	 
5	 1	 1	 2	941 	1	 
5	 3	 1	 1	835 	1	 
5	 3	 1	 2	897 	1	 
6	 3	 1	 1	1030 	1	 
6	 2	 1	 1	772 	1	 
6	 1	 1	 1	822 	1	 
6	 3	 1	 1	800 	1	 
6	 1	 1	 1	857 	1	 
6	 2	 1	 2	616 	1	 
6	 2	 0	 1	533 	1	 
6	 2	 1	 1	503 	1	 
6	 2	 1	 2	577 	1	 
6	 1	 1	 2	879 	1	 
6	 1	 1	 1	632 	1	 
6	 1	 1	 1	586 	1	 
6	 2	 0	 1	784 	1	 
6	 3	 0	 2	754 	1	 
6	 1	 0	 1	575 	1	 
6	 2	 1	 2	618 	1	 
6	 2	 1	 2	623 	1	 
6	 3	 1	 2	849 	1	 
6	 1	 1	 2	771 	1	 
6	 3	 1	 2	701 	1	 
6	 3	 1	 1	742 	1	 
6	 3	 0	 1	592 	1	 
6	 2	 0	 2	522 	1	 
6	 1	 1	 1	604 	1	 
6	 1	 1	 2	877 	1	 
6	 3	 0	 1	775 	1	 
6	 2	 1	 2	661 	1	 
6	 2	 1	 2	475 	1	 
6	 2	 1	 1	581 	1	 
6	 1	 1	 2	671 	1	 
6	 1	 1	 1	773 	1	 
6	 3	 0	 1	727 	1	 
6	 1	 1	 2	577 	1	 
6	 2	 0	 2	555 	1	 
6	 1	 1	 1	616 	1	 
6	 3	 1	 2	722 	1	 
6	 3	 1	 2	580 	0	 
6	 3	 1	 1	794 	1	 
6	 3	 1	 2	791 	1	 
6	 3	 0	 2	634 	1	 
6	 1	 0	 1	607 	1	 
6	 1	 1	 1	714 	1	 
6	 2	 1	 1	808 	1	 
6	 2	 1	 1	494 	1	 
6	 1	 0	 2	836 	1	 
6	 3	 0	 1	725 	1	 
6	 1	 1	 2	688 	1	 
6	 3	 1	 1	546 	1	 
6	 3	 0	 2	723 	1	 
6	 1	 1	 2	778 	1	 
6	 3	 0	 2	647 	0	 
6	 3	 1	 1	1177 	1	 
6	 2	 0	 1	923 	1	 
6	 1	 1	 2	665 	1	 
6	 2	 1	 2	599 	1	 
6	 2	 1	 1	697 	1	 
6	 3	 1	 2	671 	1	 
6	 2	 1	 1	664 	1	 
6	 1	 0	 2	726 	1	 
6	 2	 0	 2	440 	1	 
