Block	Pair_type	Feedback_type	Side	RT	ACC
1	 3	 1	 1	1368 	1	 
1	 1	 0	 2	1086 	1	 
1	 3	 1	 1	848 	1	 
1	 3	 1	 2	1694 	0	 
1	 2	 1	 1	0 	missed	 
1	 3	 1	 2	1166 	0	 
1	 1	 1	 2	1040 	1	 
1	 1	 1	 1	1370 	1	 
1	 3	 0	 2	1628 	0	 
1	 2	 0	 1	1465 	0	 
1	 2	 1	 2	1543 	0	 
1	 3	 1	 2	1173 	1	 
1	 2	 1	 1	0 	missed	 
1	 3	 1	 2	0 	missed	 
1	 2	 0	 2	1056 	0	 
1	 2	 1	 2	1042 	0	 
1	 2	 1	 2	1176 	0	 
1	 3	 1	 2	922 	1	 
1	 2	 1	 2	976 	0	 
1	 3	 1	 1	809 	1	 
1	 2	 1	 2	1399 	1	 
1	 1	 1	 1	1177 	1	 
1	 3	 0	 1	815 	1	 
1	 3	 0	 1	728 	1	 
1	 1	 1	 2	1118 	1	 
1	 1	 1	 2	1368 	1	 
1	 1	 1	 2	1094 	1	 
1	 3	 0	 1	847 	1	 
1	 2	 1	 1	1049 	1	 
1	 2	 0	 1	1435 	1	 
1	 3	 1	 1	1301 	1	 
1	 3	 0	 1	818 	1	 
1	 1	 0	 1	1104 	1	 
1	 1	 1	 1	1306 	1	 
1	 2	 1	 2	924 	1	 
1	 1	 1	 1	943 	1	 
1	 1	 1	 2	1432 	1	 
1	 2	 0	 2	1182 	1	 
1	 1	 0	 1	996 	1	 
1	 2	 0	 2	1370 	1	 
1	 1	 1	 1	1335 	1	 
1	 1	 1	 1	1433 	1	 
1	 3	 0	 2	1031 	1	 
1	 1	 1	 1	949 	1	 
1	 3	 1	 1	750 	1	 
1	 1	 1	 1	1264 	1	 
1	 2	 1	 1	1586 	1	 
1	 2	 1	 1	1284 	1	 
1	 3	 1	 1	1093 	1	 
1	 1	 0	 2	1431 	1	 
1	 1	 1	 2	737 	0	 
1	 3	 0	 2	774 	1	 
1	 3	 0	 2	829 	1	 
1	 1	 1	 2	1395 	0	 
1	 1	 1	 2	1076 	1	 
1	 2	 1	 1	1062 	1	 
1	 2	 0	 1	1220 	1	 
1	 2	 1	 2	1621 	1	 
1	 2	 1	 1	1111 	1	 
1	 3	 1	 2	1493 	1	 
2	 2	 0	 1	1203 	1	 
2	 2	 1	 2	1300 	1	 
2	 2	 1	 2	1534 	0	 
2	 1	 1	 2	1012 	1	 
2	 2	 1	 1	1450 	1	 
2	 1	 1	 1	0 	missed	 
2	 1	 1	 2	1054 	1	 
2	 2	 0	 1	1100 	1	 
2	 1	 1	 2	1057 	1	 
2	 2	 1	 2	1412 	0	 
2	 2	 0	 1	877 	1	 
2	 1	 1	 1	775 	1	 
2	 3	 0	 1	898 	1	 
2	 1	 0	 2	775 	1	 
2	 2	 1	 1	794 	1	 
2	 3	 1	 2	956 	1	 
2	 3	 1	 2	694 	1	 
2	 2	 1	 2	1364 	1	 
2	 2	 1	 1	1285 	1	 
2	 3	 1	 1	1399 	0	 
2	 2	 1	 2	937 	1	 
2	 1	 1	 1	1283 	1	 
2	 3	 1	 2	1500 	0	 
2	 1	 1	 2	790 	1	 
2	 1	 0	 1	792 	1	 
2	 2	 1	 2	1298 	1	 
2	 1	 1	 2	724 	1	 
2	 3	 1	 2	854 	1	 
2	 3	 1	 1	1396 	0	 
2	 2	 0	 2	870 	1	 
2	 3	 0	 2	920 	1	 
2	 3	 1	 1	533 	1	 
2	 1	 0	 2	767 	1	 
2	 1	 0	 1	965 	1	 
2	 1	 1	 1	643 	1	 
2	 3	 0	 1	900 	1	 
2	 3	 0	 1	534 	1	 
2	 3	 0	 2	940 	1	 
2	 2	 0	 2	1314 	1	 
2	 1	 1	 1	696 	1	 
2	 1	 1	 1	854 	1	 
2	 2	 0	 2	787 	1	 
2	 3	 0	 1	665 	1	 
2	 3	 1	 1	731 	0	 
2	 3	 1	 2	789 	1	 
2	 2	 1	 2	1006 	1	 
2	 1	 1	 1	1052 	1	 
2	 3	 1	 2	890 	1	 
2	 3	 0	 2	1036 	1	 
2	 1	 1	 2	1370 	1	 
2	 2	 1	 1	1252 	1	 
2	 3	 1	 1	766 	1	 
2	 2	 1	 1	1339 	1	 
2	 2	 1	 1	1337 	1	 
2	 2	 1	 1	1327 	1	 
2	 3	 0	 2	1328 	1	 
2	 1	 1	 1	1282 	1	 
2	 1	 1	 2	1168 	1	 
2	 1	 1	 2	926 	1	 
2	 3	 1	 1	1336 	0	 
3	 3	 0	 2	1410 	1	 
3	 2	 0	 1	1348 	1	 
3	 1	 1	 2	565 	1	 
3	 3	 1	 2	1203 	1	 
3	 2	 0	 2	961 	1	 
3	 2	 1	 1	1439 	1	 
3	 2	 1	 2	1016 	1	 
3	 2	 1	 2	926 	1	 
3	 3	 1	 1	1088 	1	 
3	 3	 0	 1	1190 	1	 
3	 3	 1	 2	1064 	0	 
3	 2	 1	 2	1238 	0	 
3	 1	 1	 2	563 	1	 
3	 1	 1	 1	613 	1	 
3	 2	 1	 1	843 	1	 
3	 1	 0	 2	597 	1	 
3	 3	 0	 2	687 	1	 
3	 1	 1	 2	816 	1	 
3	 1	 1	 1	634 	1	 
3	 1	 0	 2	884 	1	 
3	 2	 1	 1	829 	1	 
3	 2	 1	 2	951 	1	 
3	 1	 1	 2	617 	1	 
3	 2	 0	 2	675 	1	 
3	 2	 1	 1	1093 	1	 
3	 2	 0	 1	675 	1	 
3	 1	 1	 1	641 	1	 
3	 1	 1	 2	763 	1	 
3	 1	 0	 1	605 	1	 
3	 3	 1	 2	743 	0	 
3	 2	 1	 2	1085 	1	 
3	 1	 1	 2	763 	1	 
3	 3	 0	 2	1052 	1	 
3	 3	 0	 2	1374 	1	 
3	 1	 1	 1	673 	1	 
3	 3	 1	 1	714 	1	 
3	 1	 1	 1	1068 	1	 
3	 1	 1	 2	1150 	1	 
3	 2	 1	 2	0 	missed	 
3	 1	 1	 1	722 	1	 
3	 3	 1	 1	1012 	1	 
3	 2	 0	 1	1389 	1	 
3	 3	 0	 1	627 	1	 
3	 3	 1	 1	565 	1	 
3	 1	 0	 1	887 	1	 
3	 2	 1	 1	796 	1	 
3	 3	 0	 1	698 	1	 
3	 1	 1	 1	452 	1	 
3	 3	 1	 2	650 	1	 
3	 1	 1	 1	659 	1	 
3	 3	 0	 1	821 	1	 
3	 2	 1	 1	851 	1	 
3	 3	 1	 2	604 	1	 
3	 2	 1	 2	1138 	1	 
3	 3	 1	 1	1120 	1	 
3	 1	 1	 2	1066 	1	 
3	 2	 0	 2	819 	1	 
3	 2	 1	 1	1621 	1	 
3	 3	 1	 1	1411 	0	 
3	 3	 1	 2	669 	1	 
4	 2	 0	 1	634 	1	 
4	 1	 0	 1	744 	1	 
4	 1	 1	 2	942 	1	 
4	 2	 1	 2	844 	1	 
4	 1	 1	 1	798 	1	 
4	 2	 1	 2	760 	1	 
4	 3	 0	 1	1046 	1	 
4	 1	 1	 2	623 	1	 
4	 1	 1	 1	902 	1	 
4	 2	 1	 1	755 	0	 
4	 3	 0	 2	601 	1	 
4	 1	 1	 1	507 	1	 
4	 3	 1	 2	1021 	1	 
4	 3	 1	 1	579 	1	 
4	 3	 0	 1	609 	1	 
4	 1	 0	 2	639 	1	 
4	 3	 1	 1	593 	1	 
4	 3	 1	 2	795 	1	 
4	 1	 0	 2	736 	1	 
4	 1	 1	 2	626 	1	 
4	 1	 1	 2	560 	1	 
4	 1	 1	 2	558 	1	 
4	 2	 1	 2	1240 	1	 
4	 1	 1	 1	890 	1	 
4	 1	 1	 1	1293 	1	 
4	 3	 1	 1	1459 	1	 
4	 2	 0	 1	1157 	1	 
4	 2	 1	 2	1332 	1	 
4	 2	 1	 1	973 	1	 
4	 3	 0	 2	0 	missed	 
4	 2	 1	 1	985 	1	 
4	 3	 0	 2	867 	1	 
4	 1	 1	 1	645 	1	 
4	 3	 0	 1	531 	1	 
4	 2	 0	 2	944 	1	 
4	 1	 1	 2	602 	1	 
4	 2	 0	 2	1268 	1	 
4	 1	 1	 2	929 	1	 
4	 1	 1	 1	971 	1	 
4	 1	 0	 1	993 	1	 
4	 3	 1	 2	1119 	1	 
4	 2	 1	 2	965 	1	 
4	 3	 0	 2	846 	1	 
4	 2	 0	 2	984 	1	 
4	 2	 1	 2	938 	1	 
4	 3	 1	 2	1187 	1	 
4	 2	 0	 1	789 	1	 
4	 2	 1	 1	951 	1	 
4	 3	 1	 2	1041 	1	 
4	 2	 1	 1	731 	1	 
4	 1	 1	 1	829 	1	 
4	 3	 1	 2	699 	1	 
4	 3	 0	 1	936 	1	 
4	 3	 1	 1	626 	1	 
4	 3	 1	 1	748 	1	 
4	 2	 1	 1	805 	1	 
4	 1	 1	 2	679 	1	 
4	 2	 1	 2	1181 	0	 
4	 2	 1	 1	763 	1	 
4	 3	 1	 1	585 	1	 
5	 2	 1	 1	1054 	1	 
5	 1	 1	 2	1136 	1	 
5	 1	 1	 2	1230 	1	 
5	 2	 0	 2	1451 	1	 
5	 2	 1	 2	813 	1	 
5	 1	 1	 2	759 	1	 
5	 2	 1	 1	829 	1	 
5	 3	 0	 2	631 	1	 
5	 2	 1	 2	869 	1	 
5	 3	 1	 2	875 	1	 
5	 1	 0	 1	649 	1	 
5	 1	 1	 2	1111 	1	 
5	 2	 0	 2	1116 	1	 
5	 2	 1	 1	626 	1	 
5	 2	 1	 2	616 	1	 
5	 3	 0	 2	746 	1	 
5	 1	 0	 2	652 	1	 
5	 1	 1	 2	605 	1	 
5	 1	 1	 2	703 	1	 
5	 2	 1	 1	881 	1	 
5	 1	 1	 2	838 	1	 
5	 1	 1	 1	1084 	1	 
5	 3	 1	 1	1338 	1	 
5	 3	 1	 2	840 	1	 
5	 2	 1	 1	938 	1	 
5	 2	 0	 2	1392 	1	 
5	 1	 0	 2	806 	0	 
5	 3	 1	 1	856 	0	 
5	 1	 1	 1	1058 	1	 
5	 2	 1	 2	1033 	1	 
5	 2	 1	 1	822 	1	 
5	 1	 0	 1	720 	1	 
5	 3	 1	 2	850 	1	 
5	 1	 1	 2	1020 	1	 
5	 3	 0	 2	1193 	1	 
5	 2	 0	 1	903 	1	 
5	 3	 0	 1	993 	1	 
5	 3	 1	 1	723 	1	 
5	 2	 1	 1	909 	1	 
5	 1	 1	 1	875 	1	 
5	 2	 1	 2	909 	1	 
5	 2	 0	 1	891 	1	 
5	 1	 1	 1	597 	0	 
5	 3	 0	 1	1071 	1	 
5	 3	 1	 2	625 	1	 
5	 2	 1	 2	911 	1	 
5	 3	 1	 1	861 	1	 
5	 2	 0	 1	663 	1	 
5	 1	 1	 1	904 	1	 
5	 3	 0	 1	1622 	0	 
5	 1	 1	 1	1636 	1	 
5	 3	 1	 1	938 	1	 
5	 3	 0	 1	651 	1	 
5	 3	 1	 1	705 	1	 
5	 3	 0	 2	927 	1	 
5	 1	 1	 1	797 	0	 
5	 3	 1	 2	570 	0	 
5	 3	 1	 2	660 	1	 
5	 2	 1	 2	1122 	1	 
5	 1	 1	 1	764 	1	 
6	 2	 1	 1	821 	1	 
6	 3	 1	 1	755 	1	 
6	 3	 0	 2	705 	1	 
6	 1	 1	 2	1027 	1	 
6	 1	 1	 2	804 	0	 
6	 2	 1	 2	990 	0	 
6	 1	 1	 2	724 	1	 
6	 3	 1	 2	963 	1	 
6	 3	 0	 2	729 	1	 
6	 2	 0	 1	575 	1	 
6	 2	 1	 2	745 	1	 
6	 3	 1	 1	0 	missed	 
6	 1	 1	 1	877 	1	 
6	 3	 0	 2	1071 	1	 
6	 1	 1	 2	692 	1	 
6	 1	 0	 2	1298 	1	 
6	 2	 1	 2	700 	1	 
6	 2	 1	 2	694 	1	 
6	 3	 0	 1	767 	1	 
6	 2	 0	 1	745 	1	 
6	 3	 0	 1	691 	1	 
6	 1	 1	 2	801 	1	 
6	 1	 1	 1	1015 	1	 
6	 2	 1	 2	941 	1	 
6	 2	 0	 2	867 	1	 
6	 1	 1	 2	813 	1	 
6	 1	 1	 1	631 	1	 
6	 1	 1	 1	672 	1	 
6	 1	 1	 1	658 	1	 
6	 1	 1	 1	537 	1	 
6	 1	 1	 1	790 	1	 
6	 2	 1	 1	897 	1	 
6	 2	 1	 1	714 	1	 
6	 1	 1	 2	1124 	0	 
6	 1	 0	 2	671 	0	 
6	 1	 1	 1	752 	1	 
6	 2	 0	 1	922 	1	 
6	 3	 1	 2	844 	1	 
6	 3	 1	 2	1282 	1	 
6	 2	 1	 2	751 	1	 
6	 2	 0	 2	785 	1	 
6	 2	 0	 2	531 	1	 
6	 1	 0	 1	680 	1	 
6	 2	 1	 1	810 	1	 
6	 2	 1	 1	652 	1	 
6	 3	 0	 1	602 	1	 
6	 1	 0	 1	587 	1	 
6	 3	 1	 1	561 	1	 
6	 3	 1	 2	719 	1	 
6	 3	 1	 1	785 	1	 
6	 3	 1	 2	750 	1	 
6	 3	 0	 2	848 	1	 
6	 3	 1	 2	586 	1	 
6	 3	 1	 1	776 	1	 
6	 3	 1	 1	757 	1	 
6	 2	 1	 2	1004 	1	 
6	 2	 1	 1	914 	1	 
6	 1	 1	 2	931 	1	 
6	 3	 0	 1	789 	1	 
6	 2	 1	 1	815 	1	 
